#Wavelength	Counts
1596242	2163
1596106	2073
1595969	2113
1595832	2066
1595695	2115
1595558	2056
1595421	2122
1595284	2047
1595146	2124
1595009	2055
1594871	2117
1594733	2062
1594595	2124
1594457	2055
1594319	2123
1594181	2077
1594042	2119
1593904	2071
1593765	2116
1593626	2074
1593487	2113
1593348	2054
1593209	2115
1593070	2055
1592930	2118
1592790	2064
1592651	2119
1592511	2057
1592371	2120
1592231	2070
1592091	2127
1591950	2064
1591810	2116
1591669	2073
1591529	2115
1591388	2077
1591247	2112
1591106	2074
1590965	2112
1590823	2059
1590682	2106
1590540	2068
1590399	2118
1590257	2065
1590115	2117
1589973	2078
1589830	2107
1589688	2062
1589546	2119
1589403	2052
1589260	2112
1589118	2053
1588975	2103
1588832	2074
1588688	2124
1588545	2071
1588402	2108
1588258	2061
1588114	2120
1587970	2060
1587826	2110
1587682	2058
1587538	2116
1587394	2065
1587249	2114
1587105	2059
1586960	2110
1586815	2065
1586670	2109
1586525	2075
1586380	2128
1586235	2074
1586089	2111
1585944	2060
1585798	2111
1585652	2068
1585506	2112
1585360	2062
1585214	2111
1585067	2054
1584921	2103
1584774	2059
1584628	2112
1584481	2072
1584334	2117
1584187	2065
1584040	2105
1583892	2068
1583745	2123
1583597	2061
1583449	2114
1583302	2059
1583154	2106
1583005	2071
1582857	2126
1582709	2073
1582560	2122
1582412	2066
1582263	2115
1582114	2062
1581965	2110
1581816	2066
1581667	2113
1581518	2063
1581368	2107
1581218	2073
1581069	2121
1580919	2069
1580769	2119
1580619	2067
1580468	2117
1580318	2051
1580168	2112
1580017	2058
1579866	2097
1579715	2059
1579564	2109
1579413	2077
1579262	2112
1579111	2072
1578959	2100
1578808	2076
1578656	2129
1578504	2058
1578352	2104
1578200	2060
1578047	2115
1577895	2061
1577743	2106
1577590	2060
1577437	2106
1577284	2061
1577131	2116
1576978	2055
1576825	2129
1576671	2065
1576518	2120
1576364	2060
1576210	2103
1576057	2048
1575902	2102
1575748	2059
1575594	2107
1575440	2052
1575285	2115
1575130	2052
1574976	2113
1574821	2062
1574666	2119
1574510	2059
1574355	2120
1574200	2050
1574044	2113
1573889	2060
1573733	2110
1573577	2048
1573421	2105
1573265	2050
1573108	2110
1572952	2063
1572795	2118
1572638	2074
1572482	2116
1572325	2055
1572168	2120
1572010	2062
1571853	2113
1571696	2060
1571538	2117
1571380	2067
1571222	2101
1571064	2048
1570906	2111
1570748	2073
1570590	2114
1570431	2045
1570273	2124
1570114	2059
1569955	2125
1569796	2054
1569637	2119
1569478	2073
1569318	2113
1569159	2050
1568999	2116
1568840	2051
1568680	2120
1568520	2064
1568359	2116
1568199	2058
1568039	2116
1567878	2053
1567718	2113
1567557	2049
1567396	2112
1567235	2050
1567074	2116
1566912	2064
1566751	2129
1566590	2086
1566428	2137
1566266	2074
1566104	2144
1565942	2089
1565780	2148
1565618	2089
1565455	2159
1565293	2095
1565130	2161
1564967	2097
1564804	2162
1564641	2102
1564478	2151
1564314	2109
1564151	2161
1563987	2103
1563824	2148
1563660	2100
1563496	2156
1563332	2110
1563168	2159
1563003	2102
1562839	2160
1562674	2105
1562509	2162
1562344	2101
1562179	2165
1562014	2114
1561849	2157
1561684	2082
1561518	2165
1561352	2100
1561187	2154
1561021	2109
1560855	2169
1560689	2110
1560522	2168
1560356	2110
1560189	2179
1560023	2100
1559856	2166
1559689	2107
1559522	2166
1559355	2087
1559187	2169
1559020	2086
1558852	2146
1558685	2101
1558517	2163
1558349	2106
1558181	2164
1558012	2096
1557844	2142
1557676	2091
1557507	2153
1557338	2090
1557169	2148
1557000	2094
1556831	2147
1556662	2107
1556493	2156
1556323	2100
1556154	2161
1555984	2092
1555814	2168
1555644	2070
1555474	2164
1555303	2092
1555133	2148
1554962	2072
1554792	2147
1554621	2091
1554450	2156
1554279	2090
1554108	2157
1553936	2098
1553765	2167
1553593	2097
1553422	2160
1553250	2085
1553078	2158
1552906	2090
1552734	2145
1552561	2089
1552389	2159
1552216	2090
1552043	2159
1551870	2088
1551697	2155
1551524	2102
1551351	2149
1551178	2093
1551004	2158
1550830	2088
1550657	2155
1550483	2099
1550309	2149
1550135	2096
1549960	2155
1549786	2084
1549611	2157
1549437	2098
1549262	2177
1549087	2169
1548912	2416
1548736	2818
1548561	3513
1548386	3758
1548210	2693
1548034	2192
1547858	2200
1547682	2103
1547506	2164
1547330	2088
1547154	2155
1546977	2101
1546801	2156
1546624	2093
1546447	2141
1546270	2076
1546093	2145
1545915	2088
1545738	2152
1545560	2090
1545383	2155
1545205	2091
1545027	2146
1544849	2088
1544671	2165
1544492	2083
1544314	2140
1544135	2078
1543957	2138
1543778	2096
1543599	2151
1543420	2069
1543240	2145
1543061	2087
1542881	2141
1542702	2064
1542522	2152
1542342	2099
1542162	2141
1541982	2075
1541802	2152
1541621	2068
1541441	2150
1541260	2061
1541079	2145
1540898	2078
1540717	2143
1540536	2095
1540355	2132
1540173	2082
1539992	2143
1539810	2076
1539628	2131
1539446	2073
1539264	2132
1539082	2090
1538899	2146
1538717	2074
1538534	2144
1538351	2080
1538168	2127
1537985	2089
1537802	2148
1537619	2080
1537435	2136
1537252	2079
1537068	2141
1536884	2073
1536700	2137
1536516	2073
1536332	2139
1536148	2078
1535963	2133
1535779	2074
1535594	2142
1535409	2094
1535224	2147
1535039	2088
1534854	2142
1534668	2064
1534483	2134
1534297	2065
1534111	2127
1533925	2056
1533739	2128
1533553	2067
1533367	2128
1533180	2087
1532994	2137
1532807	2060
1532620	2134
1532433	2085
1532246	2129
1532059	2077
1531872	2132
1531684	2073
1531497	2141
1531309	2079
1531121	2125
1530933	2068
1530745	2141
1530557	2069
1530368	2123
1530180	2062
1529991	2140
1529802	2057
1529613	2127
1529424	2056
1529235	2123
1529046	2054
1528856	2133
1528667	2080
1528477	2123
1528287	2071
1528097	2124
1527907	2056
1527717	2121
1527526	2054
1527336	2127
1527145	2064
1526955	2125
1526764	2047
1526573	2120
1526381	2062
1526190	2113
1525999	2055
1525807	2121
1525616	2072
1525424	2098
1525232	2047
1525040	2106
1524848	2039
1524655	2104
1524463	2043
1524270	2099
1524077	2041
1523885	2112
1523692	2073
1523498	2120
1523305	2060
1523112	2113
1522918	2050
1522725	2106
1522531	2052
1522337	2110
1522143	2043
1521949	2103
1521754	2046
1521560	2111
1521365	2051
1521171	2096
1520976	2052
1520781	2123
1520586	2055
1520391	2110
1520195	2045
1520000	2109
1519804	2044
1519609	2115
1519413	2041
1519217	2115
1519021	2043
1518824	2120
1518628	2063
1518431	2125
1518235	2056
1518038	2116
1517841	2055
1517644	2109
1517447	2067
1517249	2112
1517052	2037
1516854	2115
1516657	2054
1516459	2108
1516261	2058
1516063	2114
1515865	2052
1515666	2127
1515468	2046
1515269	2106
1515070	2050
1514872	2121
1514673	2051
1514473	2126
1514274	2061
1514075	2109
1513875	2058
1513676	2114
1513476	2048
1513276	2125
1513076	2055
1512876	2114
1512675	2056
1512475	2106
1512274	2061
1512074	2108
1511873	2054
1511672	2119
1511471	2062
1511269	2103
1511068	2059
1510867	2107
1510665	2055
1510463	2119
1510261	2066
1510059	2111
1509857	2064

